Statistics for 198053228.png_scale4_1.png:
Level Level 0:
min: 0.0
max: 2040.000000000001
mean: 347.68802020733176
std: 540.2867644832695
skewness: 1.1609212135149054
kurtosis: -0.1400931486208874
Level Level 1:
min: -1020.0000000000005
max: 1020.0000000000005
mean: -0.13939490685096176
std: 166.37089597339292
skewness: 0.007846044417674366
kurtosis: 6.172565013562888
Level Level 2:
min: -510.0000000000001
max: 510.0000000000001
mean: -0.0842757787459936
std: 96.08188668213903
skewness: -0.009121102613561567
kurtosis: 7.760810140248957
Level Level 3:
min: -255.00000000000003
max: 255.00000000000003
mean: -0.03838062775440705
std: 46.176989592433564
skewness: -0.006822098433947849
kurtosis: 15.390216236565447
