Statistics for 198053228.png_scale4_1.png:
Level Level 0:
min: 0.0
max: 2040.000000000001
mean: 347.68802020733176
std: 540.2867644832695
Level Level 1:
min: -1020.0000000000005
max: 1020.0000000000005
mean: -0.13939490685096176
std: 166.37089597339292
Level Level 2:
min: -510.0000000000001
max: 510.0000000000001
mean: -0.0842757787459936
std: 96.08188668213903
Level Level 3:
min: -255.00000000000003
max: 255.00000000000003
mean: -0.03838062775440705
std: 46.176989592433564
