Statistics for 198053228.png_scale2_1.png:
Level Level 0:
min: 0.0
max: 2040.000000000001
mean: 325.22886305588946
std: 493.3591055666552
skewness: 1.0306585232021046
kurtosis: -0.5508731478055369
Level Level 1:
min: -956.7500000000005
max: 1020.0000000000005
mean: -0.022413987379807748
std: 135.91164963249594
skewness: 0.005337834744114359
kurtosis: 6.598354539007607
Level Level 2:
min: -510.0000000000001
max: 510.0000000000001
mean: -0.032409667968750014
std: 99.39902904621137
skewness: -0.0028462427706403845
kurtosis: 6.3073442054879525
Level Level 3:
min: -255.00000000000003
max: 255.00000000000003
mean: -0.0022327912159455163
std: 51.76036806726798
skewness: 0.010943707212071895
kurtosis: 10.992383760478559
