Statistics for 198053228.png_scale6_1.png:
Level Level 0:
min: 0.0
max: 2040.000000000001
mean: 352.42801138070917
std: 561.0998915319224
Level Level 1:
min: -1020.0000000000005
max: 1020.0000000000005
mean: -0.23490678836137835
std: 178.59077773811737
Level Level 2:
min: -510.0000000000001
max: 510.0000000000001
mean: -0.10239993364383014
std: 90.8857371667367
Level Level 3:
min: -255.00000000000003
max: 255.00000000000003
mean: -0.01823253142528045
std: 42.053548507527076
