Statistics for 198053228.png.png:
Level Level 0:
min: 0.0
max: 1540.1250000000007
mean: 193.3483079176683
std: 299.83707913489053
Level Level 1:
min: -820.3750000000002
max: 988.1250000000003
mean: 0.18378092447916666
std: 84.86523558265354
Level Level 2:
min: -510.0000000000001
max: 510.0000000000001
mean: -0.031087552584134624
std: 76.25509356253615
Level Level 3:
min: -255.00000000000003
max: 255.00000000000003
mean: 0.46409082657251605
std: 42.949755265113545
