Statistics for 198053228.png_scale2_1.png:
Level Level 0:
min: 0.0
max: 2040.000000000001
mean: 325.22886305588946
std: 493.3591055666552
Level Level 1:
min: -956.7500000000005
max: 1020.0000000000005
mean: -0.022413987379807748
std: 135.91164963249594
Level Level 2:
min: -510.0000000000001
max: 510.0000000000001
mean: -0.032409667968750014
std: 99.39902904621137
Level Level 3:
min: -255.00000000000003
max: 255.00000000000003
mean: -0.0022327912159455163
std: 51.76036806726798
