Statistics for 198053228.png_scale5_1.png:
Level Level 0:
min: 0.0
max: 2040.000000000001
mean: 350.18273925781256
std: 550.9797067687609
skewness: 1.2194429823178898
kurtosis: 0.04102167849979965
Level Level 1:
min: -1020.0000000000005
max: 1020.0000000000005
mean: -0.2442138671875003
std: 173.80717357354314
skewness: 0.01030981465076702
kurtosis: 6.063242265807975
Level Level 2:
min: -510.0000000000001
max: 510.0000000000001
mean: -0.12128812349759617
std: 93.46798491027755
skewness: -0.012973739377596539
kurtosis: 8.533005779392324
Level Level 3:
min: -255.00000000000003
max: 255.00000000000003
mean: -0.028651936848958334
std: 43.891850638189815
skewness: -0.0057851348158888816
kurtosis: 17.40620228488036
