Statistics for 198053228.png:
Level Level 0:
min: 0.0
max: 2036.875000000001
mean: 156.89358849158657
std: 273.87669303885366
skewness: 2.106085281409391
kurtosis: 5.635470530053793
Level Level 1:
min: -1020.0000000000005
max: 918.6250000000005
mean: -0.24904096554487187
std: 22.383825417586575
skewness: -6.164116162188693
kurtosis: 406.1598563733978
Level Level 2:
min: -510.0000000000001
max: 510.0000000000001
mean: -0.03946063701923077
std: 8.195291959360368
skewness: 6.005163577545636
kurtosis: 779.171505633467
Level Level 3:
min: -255.00000000000003
max: 255.00000000000003
mean: -0.02303904997996795
std: 3.8222468817159356
skewness: -1.1259164690499515
kurtosis: 618.0594365694346
