Statistics for 198053228.png_scale5_1.png:
Level Level 0:
min: 0.0
max: 2040.000000000001
mean: 350.18273925781256
std: 550.9797067687609
Level Level 1:
min: -1020.0000000000005
max: 1020.0000000000005
mean: -0.2442138671875003
std: 173.80717357354314
Level Level 2:
min: -510.0000000000001
max: 510.0000000000001
mean: -0.12128812349759617
std: 93.46798491027755
Level Level 3:
min: -255.00000000000003
max: 255.00000000000003
mean: -0.028651936848958334
std: 43.891850638189815
