Statistics for 198053228.png.png:
Level Level 0:
min: 0.0
max: 1540.1250000000007
mean: 193.3483079176683
std: 299.83707913489053
skewness: 1.135511716748726
kurtosis: -0.2186444106366645
Level Level 1:
min: -820.3750000000002
max: 988.1250000000003
mean: 0.18378092447916666
std: 84.86523558265354
skewness: 0.08199985905863753
kurtosis: 9.50677790659918
Level Level 2:
min: -510.0000000000001
max: 510.0000000000001
mean: -0.031087552584134624
std: 76.25509356253615
skewness: -0.01252815428537572
kurtosis: 7.260819068071813
Level Level 3:
min: -255.00000000000003
max: 255.00000000000003
mean: 0.46409082657251605
std: 42.949755265113545
skewness: 0.1645215363984937
kurtosis: 11.113277494061983
