Statistics for 198053228.png_scale6_1.png:
Level Level 0:
min: 0.0
max: 2040.000000000001
mean: 352.42801138070917
std: 561.0998915319224
skewness: 1.2697029729901037
kurtosis: 0.19088966153396347
Level Level 1:
min: -1020.0000000000005
max: 1020.0000000000005
mean: -0.23490678836137835
std: 178.59077773811737
skewness: 0.004888240649905428
kurtosis: 6.070151723647751
Level Level 2:
min: -510.0000000000001
max: 510.0000000000001
mean: -0.10239993364383014
std: 90.8857371667367
skewness: -0.009934353081607358
kurtosis: 9.338679758094106
Level Level 3:
min: -255.00000000000003
max: 255.00000000000003
mean: -0.01823253142528045
std: 42.053548507527076
skewness: -0.004842822933481345
kurtosis: 19.314641460684204
