Statistics for 198053228.png_scale3_1.png:
Level Level 0:
min: 0.0
max: 2040.000000000001
mean: 343.61545410156253
std: 527.2099676948598
skewness: 1.09490736853928
kurtosis: -0.34795221437814705
Level Level 1:
min: -1020.0000000000005
max: 1020.0000000000005
mean: -0.10014085036057697
std: 154.79829430525888
skewness: 0.0008063314114384535
kurtosis: 6.296945747348957
Level Level 2:
min: -510.0000000000001
max: 510.0000000000001
mean: -0.05982666015625
std: 98.55456454980157
skewness: 0.003955836968883885
kurtosis: 6.999392885149989
Level Level 3:
min: -255.00000000000003
max: 255.00000000000003
mean: -0.03988428360376602
std: 48.99552585881764
skewness: -0.0037532295075749437
kurtosis: 13.220697788570892
