Statistics for 220808925.png:
Level Level 0:
min: 0.0
max: 2032.0000000000007
mean: 153.70324824406552
std: 301.883848584655
Level Level 1:
min: -1020.0000000000005
max: 1020.0000000000005
mean: 0.16877355331029653
std: 21.04609745350206
Level Level 2:
min: -510.0000000000001
max: 510.0000000000001
mean: 0.02664321508163061
std: 7.582988237720766
Level Level 3:
min: -255.00000000000003
max: 255.00000000000003
mean: 0.011209439008663863
std: 3.7180338021267896
