Statistics for 220808925.png_scale6_1.png:
Level Level 0:
min: 0.0
max: 2040.000000000001
mean: 317.3002606905424
std: 546.5252605500925
skewness: 1.4436400886765948
kurtosis: 0.6696598965496388
Level Level 1:
min: -1020.0000000000005
max: 1020.0000000000005
mean: -0.04167546981420283
std: 168.6141889327433
skewness: 0.010499448607888885
kurtosis: 7.276538874773994
Level Level 2:
min: -510.0000000000001
max: 510.0000000000001
mean: 0.048549456474108584
std: 85.32947647481706
skewness: 0.0018080584850298815
kurtosis: 11.003778993020752
Level Level 3:
min: -255.00000000000003
max: 255.00000000000003
mean: 0.0040754171518179085
std: 39.54731892557492
skewness: -0.005607484148278687
kurtosis: 22.20875187239024
