Statistics for 220808925.png_scale5_1.png:
Level Level 0:
min: 0.0
max: 2040.000000000001
mean: 315.3370220477765
std: 536.8782042271673
Level Level 1:
min: -1020.0000000000005
max: 1020.0000000000005
mean: -0.05885667067307699
std: 164.2039609056316
Level Level 2:
min: -510.0000000000001
max: 510.0000000000001
mean: 0.09212161333133013
std: 87.83972867992897
Level Level 3:
min: -255.00000000000003
max: 255.00000000000003
mean: 0.0018717447916666667
std: 41.31504944566473
