Statistics for 220808925.png.png:
Level Level 0:
min: 0.0
max: 1647.375000000001
mean: 177.08897634652948
std: 299.0327862352862
skewness: 1.3366401545408244
kurtosis: 0.28393973768276526
Level Level 1:
min: -851.6250000000005
max: 905.1250000000002
mean: -0.02674552721854967
std: 80.43721928668114
skewness: 0.013179888438123046
kurtosis: 10.386946897109585
Level Level 2:
min: -510.0000000000001
max: 510.0000000000001
mean: 0.18793604924128607
std: 72.88730572759312
skewness: 0.017252511124850097
kurtosis: 8.592628972423846
Level Level 3:
min: -255.00000000000003
max: 255.00000000000003
mean: 0.013671777187249599
std: 41.335938059659604
skewness: -0.003681677367181055
kurtosis: 12.830927039085351
