Statistics for 220808925.png_scale4_1.png:
Level Level 0:
min: 0.0
max: 2040.000000000001
mean: 312.9193637554462
std: 526.2192472358247
Level Level 1:
min: -1020.0000000000005
max: 1020.0000000000005
mean: -0.09773234831981174
std: 157.10169783235386
Level Level 2:
min: -510.0000000000001
max: 510.0000000000001
mean: 0.13010377150315508
std: 90.47954755525919
Level Level 3:
min: -255.00000000000003
max: 255.00000000000003
mean: 0.015378658588115988
std: 43.53578896854062
