Statistics for 220808925.png_scale6_1.png:
Level Level 0:
min: 0.0
max: 2040.000000000001
mean: 317.3002606905424
std: 546.5252605500925
Level Level 1:
min: -1020.0000000000005
max: 1020.0000000000005
mean: -0.04167546981420283
std: 168.6141889327433
Level Level 2:
min: -510.0000000000001
max: 510.0000000000001
mean: 0.048549456474108584
std: 85.32947647481706
Level Level 3:
min: -255.00000000000003
max: 255.00000000000003
mean: 0.0040754171518179085
std: 39.54731892557492
