Statistics for 220808925.png_scale3_1.png:
Level Level 0:
min: 0.0
max: 2040.000000000001
mean: 309.2223545954778
std: 513.2040997536043
Level Level 1:
min: -1020.0000000000005
max: 1020.0000000000005
mean: -0.1088010347806491
std: 146.25113278756635
Level Level 2:
min: -510.0000000000001
max: 510.0000000000001
mean: 0.18069634070763224
std: 93.04366254399915
Level Level 3:
min: -255.00000000000003
max: 255.00000000000003
mean: 0.011373764429336942
std: 46.24335388147755
