Statistics for 220808925.png_scale5_1.png:
Level Level 0:
min: 0.0
max: 2040.000000000001
mean: 315.3370220477765
std: 536.8782042271673
skewness: 1.3938952057879712
kurtosis: 0.5036535894290806
Level Level 1:
min: -1020.0000000000005
max: 1020.0000000000005
mean: -0.05885667067307699
std: 164.2039609056316
skewness: 0.004960431957909635
kurtosis: 7.196541960527815
Level Level 2:
min: -510.0000000000001
max: 510.0000000000001
mean: 0.09212161333133013
std: 87.83972867992897
skewness: 0.013095102685039934
kurtosis: 10.091253195828283
Level Level 3:
min: -255.00000000000003
max: 255.00000000000003
mean: 0.0018717447916666667
std: 41.31504944566473
skewness: -0.010422239724627245
kurtosis: 20.034146608942176
