Statistics for 220808925.png_scale2_1.png:
Level Level 0:
min: 0.0
max: 2040.000000000001
mean: 292.77164341853216
std: 480.2986691070418
skewness: 1.2026457419918553
kurtosis: -0.16272785726564765
Level Level 1:
min: -1020.0000000000005
max: 1020.0000000000005
mean: -0.06593733567457931
std: 128.24162579712512
skewness: 0.029037902887184764
kurtosis: 7.614655671155505
Level Level 2:
min: -510.0000000000001
max: 510.0000000000001
mean: 0.2745647919483674
std: 93.97616514219607
skewness: 0.013901763210001137
kurtosis: 7.424023300990017
Level Level 3:
min: -255.00000000000003
max: 255.00000000000003
mean: 0.0053860101944360975
std: 48.975173298135296
skewness: -0.001315514605220953
kurtosis: 12.617819332293259
