Statistics for 551129512.png:
Level Level 0:
min: 98.00000000000003
max: 2040.000000000001
mean: 1903.345537556122
std: 295.715609247526
Level Level 1:
min: -399.5000000000001
max: 271.50000000000006
mean: 0.08085608542652588
std: 5.354619752332204
Level Level 2:
min: -114.5
max: 126.50000000000006
mean: 0.021658662644703872
std: 2.070940624719182
Level Level 3:
min: -54.0
max: 60.99999999999997
mean: 0.004859584763129361
std: 0.9639606272837973
