Statistics for 551129512.png.png:
Level Level 0:
min: 0.0
max: 1973.750000000001
mean: 56.30697670185658
std: 129.23874900099113
Level Level 1:
min: -904.5000000000003
max: 861.2500000000002
mean: -0.049236945354528196
std: 40.589379694540554
Level Level 2:
min: -510.0000000000001
max: 510.0000000000001
mean: -0.04842610524473591
std: 35.1758813239554
Level Level 3:
min: -255.00000000000003
max: 255.00000000000003
mean: 0.07826911581839023
std: 18.907710339348238
