Statistics for 551129512.png.png:
Level Level 0:
min: 0.0
max: 1973.750000000001
mean: 56.30697670185658
std: 129.23874900099113
skewness: 2.364515744992974
kurtosis: 6.037020668716014
Level Level 1:
min: -904.5000000000003
max: 861.2500000000002
mean: -0.049236945354528196
std: 40.589379694540554
skewness: -0.07198492893679473
kurtosis: 33.309154719196734
Level Level 2:
min: -510.0000000000001
max: 510.0000000000001
mean: -0.04842610524473591
std: 35.1758813239554
skewness: -0.05198081368795414
kurtosis: 20.341754245921475
Level Level 3:
min: -255.00000000000003
max: 255.00000000000003
mean: 0.07826911581839023
std: 18.907710339348238
skewness: 0.13434167331516228
kurtosis: 32.43760027426677
