Statistics for 3d9c7d682f61c06ecc14a9c17a14ab32.dicom:
Level Level 0:
min: 0.0
max: 20992.000000000007
mean: 3213.9018603896106
std: 5276.202543903038
skewness: 1.1119720247746943
kurtosis: -0.5932390591822441
Level Level 1:
min: -10496.000000000004
max: 8856.000000000004
mean: 3.411852813852815
std: 152.49073615908728
skewness: -8.387644811572377
kurtosis: 1920.7668599973838
Level Level 2:
min: -5248.000000000002
max: 5248.000000000002
mean: 0.9522267316017319
std: 51.50017264022994
skewness: 9.603615116411364
kurtosis: 4442.402348875525
Level Level 3:
min: -2624.0000000000005
max: 2624.0000000000005
mean: 0.24684858821299982
std: 23.344880545011375
skewness: 10.366159530305662
kurtosis: 8781.818254893713
