Statistics for a96fa10911477260b7758a2dbe69bc99.dicom:
Level Level 0:
min: 0.0
max: 20992.000000000007
mean: 3516.16428409091
std: 5391.865485772789
skewness: 0.972196919398355
kurtosis: -0.8671701320053096
Level Level 1:
min: -10496.000000000004
max: 10496.000000000004
mean: -2.345287337662338
std: 159.81212992177376
skewness: 2.974612605201125
kurtosis: 1752.937314406335
Level Level 2:
min: -5248.000000000002
max: 5248.000000000002
mean: -0.5848033008658009
std: 55.81948152161807
skewness: -10.777486897281126
kurtosis: 4311.162114537983
Level Level 3:
min: -2624.0000000000005
max: 2624.0000000000005
mean: -0.13342984379652942
std: 23.414670369383554
skewness: 9.437199639180113
kurtosis: 8074.696479651484
