Statistics for d2f6630d1b13d6af9d2563b11293f0f3.dicom:
Level Level 0:
min: 0.0
max: 20992.000000000007
mean: 2466.204360389611
std: 4822.782075894287
skewness: 1.548891943022444
kurtosis: 0.6423051384919098
Level Level 1:
min: -9512.000000000005
max: 10496.000000000004
mean: -2.5710281385281384
std: 132.97579147609548
skewness: 0.8426339042832262
kurtosis: 1684.1199129109696
Level Level 2:
min: -5248.000000000002
max: 5248.000000000002
mean: -0.6727440476190476
std: 49.33119598234091
skewness: 3.4288805160442797
kurtosis: 4955.313802717283
Level Level 3:
min: -2624.0000000000005
max: 2624.0000000000005
mean: -0.1394198543544763
std: 19.119492280701593
skewness: 6.561237690516798
kurtosis: 9978.034645044629
