Statistics for f726bfd1a19108301f5bd41e86e2833a.dicom:
Level Level 0:
min: 0.0
max: 20992.000000000007
mean: 2614.910853896104
std: 4956.905533338966
skewness: 1.4621277616143666
kurtosis: 0.34726563102787233
Level Level 1:
min: -10496.000000000004
max: 10496.000000000004
mean: 2.7972575757575764
std: 133.10993923714184
skewness: -5.180843025652152
kurtosis: 1937.79114018146
Level Level 2:
min: -5248.000000000002
max: 5248.000000000002
mean: 0.7606428571428572
std: 44.644261337534466
skewness: 0.19320079503940632
kurtosis: 4725.68328984888
Level Level 3:
min: -2624.0000000000005
max: 2624.0000000000005
mean: 0.1922518205690463
std: 19.364316561797583
skewness: 7.258815663239531
kurtosis: 10766.209208857814
