Statistics for 5144bf29398269fa2cf8c36b9c6db7f3.dicom:
Level Level 0:
min: 523.6250000000002
max: 80000.00000000004
mean: 68250.07398482595
std: 19375.07430224732
skewness: -1.172032486932778
kurtosis: -0.3546282184890699
Level Level 1:
min: -10792.750000000011
max: 8640.125
mean: -19.194240582912467
std: 417.0418769981334
skewness: -5.771047109357738
kurtosis: 113.75962727906146
Level Level 2:
min: -5391.000000000002
max: 3999.750000000002
mean: -4.856190029099939
std: 181.49917768946275
skewness: -4.484156312751004
kurtosis: 111.40749006508953
Level Level 3:
min: -2695.0000000000014
max: 1592.5
mean: -0.8461697807465308
std: 101.50423473911835
skewness: -2.6168611888219355
kurtosis: 73.93082168732943
