Statistics for e4199214f5b40bd40847f5c2aedc44ef.dicom:
Level Level 0:
min: 16246.750000000007
max: 80000.00000000004
mean: 74880.33714094067
std: 13580.213310965377
skewness: -2.3673365359243905
kurtosis: 3.852964761421682
Level Level 1:
min: -11242.250000000018
max: 8284.375000000007
mean: -11.767211737914867
std: 312.4491069324307
skewness: -7.867194090318388
kurtosis: 237.43779747766388
Level Level 2:
min: -5761.000000000002
max: 4320.25
mean: -3.020867210204869
std: 118.40430369001201
skewness: -10.461690477765051
kurtosis: 463.159091378794
Level Level 3:
min: -3067.0
max: 3065.000000000001
mean: -0.6496801551996697
std: 54.841999831110556
skewness: -9.792836014318654
kurtosis: 670.0348558054314
