Statistics for e9b6ffe97a3b4b763cf94c9982254beb.dicom:
Level Level 0:
min: 2863.7500000000014
max: 80000.00000000004
mean: 69012.79181885824
std: 19020.96459003909
skewness: -1.3092103980744463
kurtosis: 0.05980898801444745
Level Level 1:
min: -8693.000000000004
max: 10793.000000000011
mean: 16.48337917869169
std: 425.44900708631826
skewness: 4.110595482407197
kurtosis: 92.76606327069699
Level Level 2:
min: -4716.0
max: 5391.250000000004
mean: 4.332701514950129
std: 167.43463177436436
skewness: 4.953653144999291
kurtosis: 151.3933844041654
Level Level 3:
min: -2695.0000000000014
max: 2695.000000000001
mean: 0.7325415689834439
std: 96.22875037815412
skewness: 2.425347899936989
kurtosis: 90.98627391982467
