Statistics for f1b6aa1cc6246c2760b882243657212e.dicom:
Level Level 0:
min: 5593.750000000003
max: 80000.00000000004
mean: 73100.04801220915
std: 15621.948041793392
skewness: -1.9475262445376915
kurtosis: 2.1163906592635575
Level Level 1:
min: -8437.250000000005
max: 11164.500000000004
mean: 13.311080015181584
std: 357.68294082627756
skewness: 5.919958322953785
kurtosis: 155.1549630128125
Level Level 2:
min: -4320.0
max: 6104.500000000002
mean: 3.3629279326412327
std: 136.75894723616435
skewness: 7.743283390208327
kurtosis: 288.34113005693985
Level Level 3:
min: -3047.000000000001
max: 3047.0
mean: 0.4697465986442653
std: 68.05928589071779
skewness: 6.465482252427667
kurtosis: 332.66664122387436
