Statistics for 2750bf82e68443b1a3ac28f0c63ca8cc.dicom:
Level Level 0:
min: 0.0
max: 20992.000000000007
mean: 1638.9204017857146
std: 4110.163960514145
skewness: 2.176597635183901
kurtosis: 2.9174765549392587
Level Level 1:
min: -10496.000000000004
max: 10496.000000000004
mean: 2.1076507034632046
std: 131.57055138640587
skewness: -4.89106886399892
kurtosis: 2045.7807682517632
Level Level 2:
min: -5248.000000000002
max: 5248.000000000002
mean: 0.5580964556277057
std: 44.437391424336965
skewness: 0.8907548688651826
kurtosis: 4835.513751047865
Level Level 3:
min: -2624.0000000000005
max: 2624.0000000000005
mean: 0.14799053845529114
std: 19.278888118729064
skewness: 7.991186147328878
kurtosis: 10979.313313372428
