Statistics for 2b00666786509b1dbda38620c340107a.dicom:
Level Level 0:
min: 0.0
max: 20992.000000000007
mean: 2293.392147727273
std: 4743.999248949422
skewness: 1.6583233297793056
kurtosis: 0.9178227228416573
Level Level 1:
min: -10496.000000000004
max: 8856.000000000004
mean: 2.660645562770564
std: 152.00592621961144
skewness: -8.37503475551953
kurtosis: 1948.5762170667847
Level Level 2:
min: -5248.000000000002
max: 5248.000000000002
mean: 0.787885551948052
std: 51.7723832439145
skewness: 9.55160950420411
kurtosis: 4353.1835184724405
Level Level 3:
min: -2624.0000000000005
max: 2624.0000000000005
mean: 0.2073869081458621
std: 23.780918330099077
skewness: 9.905099619696674
kurtosis: 8157.719184826235
