Statistics for d883047653946bff976fcd01f19ca831.dicom:
Level Level 0:
min: 0.0
max: 20992.000000000007
mean: 1620.4862508116887
std: 4104.261561778475
skewness: 2.194883460583671
kurtosis: 2.972815341625922
Level Level 1:
min: -9512.000000000005
max: 10496.000000000004
mean: -2.176305465367966
std: 136.9850267506
skewness: -0.46191748292858337
kurtosis: 1532.8552322011703
Level Level 2:
min: -5248.000000000002
max: 5248.000000000002
mean: -0.49391084956709946
std: 50.41411977977814
skewness: 2.5849013355591963
kurtosis: 4571.918343989562
Level Level 3:
min: -2624.0000000000005
max: 2624.0000000000005
mean: -0.12868952868242237
std: 19.497695510125414
skewness: 5.652123775168071
kurtosis: 9265.822446993432
