Statistics for d9f3cf3bb995aa83a016da75ec8ef3f0.dicom:
Level Level 0:
min: 0.0
max: 20992.000000000007
mean: 2370.884280032468
std: 4838.643659077498
skewness: 1.6165135577195227
kurtosis: 0.7632750422245382
Level Level 1:
min: -10496.000000000004
max: 10496.000000000004
mean: -1.516463474025975
std: 159.94810114202406
skewness: 2.8343163131115667
kurtosis: 1754.588061721898
Level Level 2:
min: -5248.000000000002
max: 5248.000000000002
mean: -0.4030997023809524
std: 56.0449381566479
skewness: -10.783416941061367
kurtosis: 4249.9109935642155
Level Level 3:
min: -2624.0000000000005
max: 2624.0000000000005
mean: -0.09167607406805818
std: 23.587893599185943
skewness: 9.076504087533719
kurtosis: 7846.67586867251
