Statistics for 2167f4da549862d60f43782cd38fb8ae.dicom:
Level Level 0:
min: 0.0
max: 20992.000000000007
mean: 2559.8951542207797
std: 4984.208729199324
skewness: 1.48707802534559
kurtosis: 0.34033589262377273
Level Level 1:
min: -9512.000000000005
max: 10496.000000000004
mean: -2.6026910173160185
std: 136.12320023614072
skewness: -0.3792242768982283
kurtosis: 1550.5413141903725
Level Level 2:
min: -5248.000000000002
max: 5248.000000000002
mean: -0.6068216991341991
std: 50.6146763501233
skewness: 2.445503327310097
kurtosis: 4486.903295307339
Level Level 3:
min: -2624.0000000000005
max: 2624.0000000000005
mean: -0.17155756788218415
std: 19.688574830442377
skewness: 5.4531205951862365
kurtosis: 8894.156284025663
