Statistics for 3ffd0ddb655a71ee916a2b7001e6e5b1.dicom:
Level Level 0:
min: 0.0
max: 20992.000000000007
mean: 2526.50257224026
std: 4914.990550417156
skewness: 1.475368160413884
kurtosis: 0.26948497916183456
Level Level 1:
min: -10496.000000000004
max: 10496.000000000004
mean: 2.339702110389612
std: 132.74431510899942
skewness: -5.613732245611028
kurtosis: 1964.9418660964966
Level Level 2:
min: -5248.000000000002
max: 5248.000000000002
mean: 0.5688045183982684
std: 45.33806193243938
skewness: 0.2000357496422963
kurtosis: 4453.339838749686
Level Level 3:
min: -2624.0000000000005
max: 2624.0000000000005
mean: 0.14315303608652102
std: 19.93150631222117
skewness: 6.808429252308832
kurtosis: 9598.915866806794
