Statistics for 97461d54a78925e4aecd283067b5925e.dicom:
Level Level 0:
min: 0.0
max: 20992.000000000007
mean: 3555.786969155845
std: 5602.993113180218
skewness: 0.9997721859935605
kurtosis: -0.88297577268224
Level Level 1:
min: -10496.000000000004
max: 8856.000000000004
mean: 3.94058603896104
std: 154.97214702379836
skewness: -7.565482739465799
kurtosis: 1806.9103102811675
Level Level 2:
min: -5248.000000000002
max: 5248.000000000002
mean: 1.1279380411255413
std: 52.587704155442246
skewness: 9.318551561407062
kurtosis: 4091.0003095442594
Level Level 3:
min: -2624.0000000000005
max: 2624.0000000000005
mean: 0.2962155851539024
std: 24.060543192053956
skewness: 9.734324627745872
kurtosis: 7787.557809155215
