Statistics for f90d9c5b3c032980a35d7bface8e8fd4.dicom:
Level Level 0:
min: 0.0
max: 20992.000000000007
mean: 3663.2334577922084
std: 5709.2759636354895
skewness: 0.9671655166845152
kurtosis: -0.9627903690633919
Level Level 1:
min: -10496.000000000004
max: 10496.000000000004
mean: -2.3936612554112564
std: 166.0547416604566
skewness: 2.1304634510962135
kurtosis: 1522.0278482976612
Level Level 2:
min: -5248.000000000002
max: 5248.000000000002
mean: -0.698003246753247
std: 57.86238389932131
skewness: -10.047035740672934
kurtosis: 3749.5801726086047
Level Level 3:
min: -2624.0000000000005
max: 2624.0000000000005
mean: -0.13819188391672754
std: 24.339153627600503
skewness: 8.021572919938368
kurtosis: 6931.541712493751
