Statistics for 10291229.png.png:
Level Level 0:
min: 0.0
max: 1678.0000000000007
mean: 409.9525950505184
std: 393.56579299845544
Level Level 1:
min: -990.3750000000005
max: 860.0000000000003
mean: 0.39983015794020443
std: 114.11405105087866
Level Level 2:
min: -510.0000000000001
max: 510.0000000000001
mean: -0.06353026169997
std: 113.60646248882225
Level Level 3:
min: -255.00000000000003
max: 255.00000000000003
mean: 0.016651398096329127
std: 67.05657832351321
