Statistics for 10291229.png_scale5_1.png:
Level Level 0:
min: 0.0
max: 2040.000000000001
mean: 579.5780680729794
std: 582.1840563857587
Level Level 1:
min: -1020.0000000000005
max: 1020.0000000000005
mean: 0.43129025972806506
std: 220.64350930741904
Level Level 2:
min: -510.0000000000001
max: 510.0000000000001
mean: 0.08527129735702124
std: 125.76605513732115
Level Level 3:
min: -255.00000000000003
max: 255.00000000000003
mean: 0.012728422116010617
std: 59.760545277336035
