Statistics for 10291229.png_scale6_1.png:
Level Level 0:
min: 0.0
max: 2040.000000000001
mean: 582.2672259990986
std: 594.1402418514015
Level Level 1:
min: -1020.0000000000005
max: 1020.0000000000005
mean: 0.424868852664263
std: 228.7328155141857
Level Level 2:
min: -510.0000000000001
max: 510.0000000000001
mean: 0.05045807667267628
std: 122.78424163620369
Level Level 3:
min: -255.00000000000003
max: 255.00000000000003
mean: 0.016367594401041668
std: 57.32249118231433
