Statistics for 10291229.png_scale3_1.png:
Level Level 0:
min: 0.0
max: 2040.000000000001
mean: 572.3856377234827
std: 557.0651100112394
skewness: 0.1496774308530694
kurtosis: -1.5798984961952696
Level Level 1:
min: -1020.0000000000005
max: 1020.0000000000005
mean: 0.47937598595252423
std: 191.2923539185386
skewness: 0.0013017398818508984
kurtosis: 2.400679117160328
Level Level 2:
min: -510.0000000000001
max: 510.0000000000001
mean: 0.01066608918018833
std: 131.47303608454206
skewness: 0.0013762554482824468
kurtosis: 2.599117351579334
Level Level 3:
min: -255.00000000000003
max: 255.00000000000003
mean: 0.01038253001677684
std: 66.33150817840286
skewness: -0.00027528706875590964
kurtosis: 5.87903545846693
