Statistics for 10291229.png.png:
Level Level 0:
min: 0.0
max: 1678.0000000000007
mean: 409.9525950505184
std: 393.56579299845544
skewness: 0.058677299457422824
kurtosis: -1.7294300101500213
Level Level 1:
min: -990.3750000000005
max: 860.0000000000003
mean: 0.39983015794020443
std: 114.11405105087866
skewness: 0.009110060198730204
kurtosis: 3.2272869800023107
Level Level 2:
min: -510.0000000000001
max: 510.0000000000001
mean: -0.06353026169997
std: 113.60646248882225
skewness: -0.00510293490847885
kurtosis: 2.3643917165804407
Level Level 3:
min: -255.00000000000003
max: 255.00000000000003
mean: 0.016651398096329127
std: 67.05657832351321
skewness: 0.00045470865748641173
kurtosis: 3.9546958262004894
