Statistics for 10291229.png_scale2_1.png:
Level Level 0:
min: 0.0
max: 2040.000000000001
mean: 553.7474916898288
std: 531.505034561947
Level Level 1:
min: -1020.0000000000005
max: 1020.0000000000005
mean: 0.4425193590995593
std: 165.13187818809232
Level Level 2:
min: -510.0000000000001
max: 510.0000000000001
mean: -0.010116772773938321
std: 131.94876843268256
Level Level 3:
min: -255.00000000000003
max: 255.00000000000003
mean: 0.005029042561848958
std: 70.39349479264838
