Statistics for 10291229.png:
Level Level 0:
min: 0.0
max: 2032.0000000000007
mean: 308.4357916025015
std: 329.9213238353928
Level Level 1:
min: -1020.0000000000005
max: 904.2500000000003
mean: 0.13200006729517236
std: 25.620821528589616
Level Level 2:
min: -510.0000000000001
max: 510.0000000000001
mean: 0.0479590587126903
std: 11.467528541881684
Level Level 3:
min: -255.00000000000003
max: 255.00000000000003
mean: 0.031645701481745794
std: 7.094298208031229
