Statistics for 10291229.png_scale4_1.png:
Level Level 0:
min: 0.0
max: 2040.000000000001
mean: 576.694568340595
std: 570.0670129098789
Level Level 1:
min: -1020.0000000000005
max: 1020.0000000000005
mean: 0.46473185221354185
std: 208.9099463209834
Level Level 2:
min: -510.0000000000001
max: 510.0000000000001
mean: 0.07254497821514423
std: 128.86675296456082
Level Level 3:
min: -255.00000000000003
max: 255.00000000000003
mean: 0.009329575758713937
std: 62.64828950975701
