Statistics for 10291229.png_scale4_1.png:
Level Level 0:
min: 0.0
max: 2040.000000000001
mean: 576.694568340595
std: 570.0670129098789
skewness: 0.22727490301647607
kurtosis: -1.4777678780919132
Level Level 1:
min: -1020.0000000000005
max: 1020.0000000000005
mean: 0.46473185221354185
std: 208.9099463209834
skewness: -0.0038569099367507555
kurtosis: 2.333366756636586
Level Level 2:
min: -510.0000000000001
max: 510.0000000000001
mean: 0.07254497821514423
std: 128.86675296456082
skewness: 0.0036471373627702014
kurtosis: 2.9448483058307744
Level Level 3:
min: -255.00000000000003
max: 255.00000000000003
mean: 0.009329575758713937
std: 62.64828950975701
skewness: 0.0027919356468320135
kurtosis: 6.982057676138167
