Statistics for 10291229.png_scale3_1.png:
Level Level 0:
min: 0.0
max: 2040.000000000001
mean: 572.3856377234827
std: 557.0651100112394
Level Level 1:
min: -1020.0000000000005
max: 1020.0000000000005
mean: 0.47937598595252423
std: 191.2923539185386
Level Level 2:
min: -510.0000000000001
max: 510.0000000000001
mean: 0.01066608918018833
std: 131.47303608454206
Level Level 3:
min: -255.00000000000003
max: 255.00000000000003
mean: 0.01038253001677684
std: 66.33150817840286
