Statistics for 14033800.png:
Level Level 0:
min: 202.3750000000001
max: 2040.000000000001
mean: 1838.999808275695
std: 344.99553719735366
Level Level 1:
min: -235.3750000000001
max: 282.2500000000001
mean: 0.0794846903692918
std: 9.100747377537296
Level Level 2:
min: -112.00000000000003
max: 136.00000000000006
mean: 0.01786695599843869
std: 3.9406650103504686
Level Level 3:
min: -59.999999999999986
max: 68.0
mean: 0.004915059937495101
std: 1.9917082335398835
