Statistics for 14033800.png_scale3_1.png:
Level Level 0:
min: 0.0
max: 2040.000000000001
mean: 263.7587804878049
std: 457.61758763908045
skewness: 1.3327648216276957
kurtosis: 0.15692233801587863
Level Level 1:
min: -1020.0000000000005
max: 1020.0000000000005
mean: -0.12134449702705986
std: 138.305182449195
skewness: -0.011053933917110419
kurtosis: 7.800101812418706
Level Level 2:
min: -510.0000000000001
max: 510.0000000000001
mean: 0.019752706813779452
std: 91.44013670228034
skewness: 0.00022850927312253186
kurtosis: 8.550562838448595
Level Level 3:
min: -255.00000000000003
max: 255.00000000000003
mean: -0.004701134904078337
std: 45.70297568445179
skewness: -0.0017642613706201212
kurtosis: 15.642453499993834
