Statistics for 14033800.png.png:
Level Level 0:
min: 0.0
max: 1495.2500000000005
mean: 131.87214294381752
std: 235.00780748753905
Level Level 1:
min: -980.6250000000003
max: 895.1250000000005
mean: -0.05063018242122722
std: 70.02757610554494
Level Level 2:
min: -510.0000000000001
max: 510.0000000000001
mean: 0.0318254821402854
std: 63.37798625263481
Level Level 3:
min: -255.00000000000003
max: 255.00000000000003
mean: 0.18156409304394486
std: 34.70561183544358
