Statistics for 14033800.png_scale2_1.png:
Level Level 0:
min: 0.0
max: 2008.125000000001
mean: 248.58245479917488
std: 427.2765763049411
skewness: 1.2809623457629535
kurtosis: -0.03883246189667
Level Level 1:
min: -1020.0000000000005
max: 1020.0000000000005
mean: -0.10728875945475883
std: 120.26926258201485
skewness: -0.01269760140674079
kurtosis: 8.269939947447416
Level Level 2:
min: -510.0000000000001
max: 510.0000000000001
mean: 0.02510860575669759
std: 91.29329348234975
skewness: 0.003390869934211485
kurtosis: 7.973168514281632
Level Level 3:
min: -255.00000000000003
max: 255.00000000000003
mean: 0.010318686266848403
std: 47.3391749559196
skewness: -0.0005025190904303402
kurtosis: 13.565554972260028
