Statistics for 225973.png_scale6_1.png:
Level Level 0:
min: 0.0
max: 2040.000000000001
mean: 161.39126501638154
std: 399.2436832242081
skewness: 2.377082470438273
kurtosis: 4.43144315162423
Level Level 1:
min: -1020.0000000000005
max: 1020.0000000000005
mean: -0.10145754965012334
std: 126.24841657061081
skewness: -0.01661778648870604
kurtosis: 14.63868399396523
Level Level 2:
min: -510.0000000000001
max: 510.0000000000001
mean: -0.02494939631059453
std: 65.28840030041613
skewness: -0.004620322609997902
kurtosis: 20.483000820343424
Level Level 3:
min: -255.00000000000003
max: 255.00000000000003
mean: -0.012955668676635284
std: 30.502079244209742
skewness: -0.013089739047668128
kurtosis: 39.170207798457874
