Statistics for 225973.png.png:
Level Level 0:
min: 0.0
max: 1879.6250000000007
mean: 71.27315526028396
std: 172.5518770857888
Level Level 1:
min: -847.5000000000003
max: 890.1250000000002
mean: -0.042128079116612094
std: 50.25770045121861
Level Level 2:
min: -510.0000000000001
max: 510.0000000000001
mean: -0.05735824130683004
std: 44.84604356685961
Level Level 3:
min: -255.00000000000003
max: 255.00000000000003
mean: 0.08231984164939365
std: 24.460610449630874
