Statistics for 225973.png_scale5_1.png:
Level Level 0:
min: 0.0
max: 2040.000000000001
mean: 161.474623528698
std: 394.82421184310095
Level Level 1:
min: -1020.0000000000005
max: 1020.0000000000005
mean: -0.1202363184079602
std: 122.16976977260862
Level Level 2:
min: -510.0000000000001
max: 510.0000000000001
mean: -0.03564093854171034
std: 67.02785983200364
Level Level 3:
min: -255.00000000000003
max: 255.00000000000003
mean: -0.012642516254656521
std: 31.807277767926532
