Statistics for 225973.png:
Level Level 0:
min: 405.37500000000017
max: 2040.000000000001
mean: 1875.3939673583307
std: 384.7445838046904
skewness: -1.9941598334873372
kurtosis: 2.1960832726550272
Level Level 1:
min: -269.37500000000006
max: 292.3750000000001
mean: 0.11585750111232462
std: 6.888345977007214
skewness: 5.166431765776977
kurtosis: 239.56272919128054
Level Level 2:
min: -126.5
max: 151.50000000000006
mean: 0.030073671841783892
std: 2.7730164281239778
skewness: 4.4358018826188665
kurtosis: 236.89238481843867
Level Level 3:
min: -63.5
max: 75.5
mean: 0.007221495381812002
std: 1.3347414243564109
skewness: 2.4684098199297466
kurtosis: 157.79603817894804
