Statistics for 225973.png_scale2_1.png:
Level Level 0:
min: 0.0
max: 2040.000000000001
mean: 150.28943726489504
std: 355.914183789283
skewness: 2.101975971623787
kurtosis: 2.846827256643201
Level Level 1:
min: -1018.5000000000005
max: 1015.7500000000005
mean: -0.09399759333414234
std: 93.22737958076239
skewness: -0.019120513008825116
kurtosis: 15.96862281782656
Level Level 2:
min: -510.0000000000001
max: 510.0000000000001
mean: -0.07270488746667185
std: 70.28377394067078
skewness: -0.014186288494028854
kurtosis: 15.333484319090456
Level Level 3:
min: -255.00000000000003
max: 255.00000000000003
mean: -0.001203717601333469
std: 36.45482617130205
skewness: 0.0021402444361113236
kurtosis: 24.677282060347764
