Statistics for 225973.png_scale2_1.png:
Level Level 0:
min: 0.0
max: 2040.000000000001
mean: 150.28943726489504
std: 355.914183789283
Level Level 1:
min: -1018.5000000000005
max: 1015.7500000000005
mean: -0.09399759333414234
std: 93.22737958076239
Level Level 2:
min: -510.0000000000001
max: 510.0000000000001
mean: -0.07270488746667185
std: 70.28377394067078
Level Level 3:
min: -255.00000000000003
max: 255.00000000000003
mean: -0.001203717601333469
std: 36.45482617130205
