Statistics for 225973.png_scale5_1.png:
Level Level 0:
min: 0.0
max: 2040.000000000001
mean: 161.474623528698
std: 394.82421184310095
skewness: 2.3085315354231617
kurtosis: 4.034249793668915
Level Level 1:
min: -1020.0000000000005
max: 1020.0000000000005
mean: -0.1202363184079602
std: 122.16976977260862
skewness: -0.014476084231931056
kurtosis: 14.645119939157652
Level Level 2:
min: -510.0000000000001
max: 510.0000000000001
mean: -0.03564093854171034
std: 67.02785983200364
skewness: -0.005298813546492778
kurtosis: 19.075555425425783
Level Level 3:
min: -255.00000000000003
max: 255.00000000000003
mean: -0.012642516254656521
std: 31.807277767926532
skewness: -0.01534682827648661
kurtosis: 35.75764619673349
