Statistics for 225973.png_scale4_1.png:
Level Level 0:
min: 0.0
max: 2040.000000000001
mean: 161.51006795291835
std: 390.23260665357697
skewness: 2.234560195631479
kurtosis: 3.60570506735871
Level Level 1:
min: -1020.0000000000005
max: 1020.0000000000005
mean: -0.14362213323625772
std: 116.19022481221006
skewness: -0.016933430984010314
kurtosis: 14.76730202429859
Level Level 2:
min: -510.0000000000001
max: 510.0000000000001
mean: -0.036546163751169
std: 68.81812783816214
skewness: -0.003450385019813703
kurtosis: 17.659694013960507
Level Level 3:
min: -255.00000000000003
max: 255.00000000000003
mean: -0.015324668774470097
std: 33.38721702185504
skewness: -0.013531114273605836
kurtosis: 32.10601351132544
