Statistics for 225973.png_scale3_1.png:
Level Level 0:
min: 0.0
max: 2040.000000000001
mean: 160.83711867491812
std: 384.07717870450057
skewness: 2.1577250715008773
kurtosis: 3.161479627336245
Level Level 1:
min: -1020.0000000000005
max: 1020.0000000000005
mean: -0.13230574768434258
std: 107.32309074193857
skewness: -0.017864130751889935
kurtosis: 15.120795964142303
Level Level 2:
min: -510.0000000000001
max: 510.0000000000001
mean: -0.052705669334944076
std: 70.42269552223395
skewness: -0.004290939321129415
kurtosis: 16.363320247048396
Level Level 3:
min: -255.00000000000003
max: 255.00000000000003
mean: -0.01736124825877328
std: 35.27465625006221
skewness: -0.013522284297424797
kurtosis: 28.248078913579302
