Statistics for 225973.png.png:
Level Level 0:
min: 0.0
max: 1879.6250000000007
mean: 71.27315526028396
std: 172.5518770857888
skewness: 2.3024986585378064
kurtosis: 4.3261777904373035
Level Level 1:
min: -847.5000000000003
max: 890.1250000000002
mean: -0.042128079116612094
std: 50.25770045121861
skewness: -0.0803424873658301
kurtosis: 24.073905353144585
Level Level 2:
min: -510.0000000000001
max: 510.0000000000001
mean: -0.05735824130683004
std: 44.84604356685961
skewness: -0.038623139039274654
kurtosis: 18.84040204070944
Level Level 3:
min: -255.00000000000003
max: 255.00000000000003
mean: 0.08231984164939365
std: 24.460610449630874
skewness: 0.11464572555939914
kurtosis: 29.99713201080025
