Statistics for 7507588.png.png:
Level Level 0:
min: 0.0
max: 1715.5000000000007
mean: 339.303563631498
std: 363.75317001205894
skewness: 0.3198299169297758
kurtosis: -1.5596663389058216
Level Level 1:
min: -934.6250000000002
max: 987.3750000000003
mean: 0.1640936044546275
std: 109.64607121824717
skewness: 0.010516615492855881
kurtosis: 4.331402112171052
Level Level 2:
min: -510.0000000000001
max: 510.0000000000001
mean: 0.09830367259490184
std: 102.94473902577484
skewness: 0.012808820611584545
kurtosis: 3.2242114765419316
Level Level 3:
min: -255.00000000000003
max: 255.00000000000003
mean: 0.04283978388859676
std: 58.89462335972036
skewness: 0.003862354479857262
kurtosis: 5.331083434217499
