Statistics for 7507588.png_scale5_1.png:
Level Level 0:
min: 0.0
max: 2040.000000000001
mean: 536.7760731623723
std: 593.8712905935558
skewness: 0.4951708407187036
kurtosis: -1.229369760794975
Level Level 1:
min: -1020.0000000000005
max: 1020.0000000000005
mean: 0.3006789378630811
std: 214.9850408559941
skewness: 0.006944516045423391
kurtosis: 2.9799007761180567
Level Level 2:
min: -510.0000000000001
max: 510.0000000000001
mean: -0.032535944229517215
std: 118.00034977918519
skewness: -6.397784409043413e-05
kurtosis: 4.286772927655865
Level Level 3:
min: -255.00000000000003
max: 255.00000000000003
mean: -0.010865578284630409
std: 55.57750307285258
skewness: -0.001900469633363896
kurtosis: 9.788757682526654
