Statistics for 7507588.png_scale3_1.png:
Level Level 0:
min: 0.0
max: 2040.000000000001
mean: 528.1824540358324
std: 567.4858823884231
skewness: 0.3596543987141432
kurtosis: -1.4487181042716408
Level Level 1:
min: -1020.0000000000005
max: 1020.0000000000005
mean: 0.3244711068960338
std: 189.3651360034292
skewness: 0.006985890892150943
kurtosis: 3.1522716028837516
Level Level 2:
min: -510.0000000000001
max: 510.0000000000001
mean: -0.029840518266726797
std: 123.8370608537398
skewness: -0.0021978172705162924
kurtosis: 3.3706675576373843
Level Level 3:
min: -255.00000000000003
max: 255.00000000000003
mean: 0.003345098250951521
std: 61.82224523933336
skewness: -0.0011780218769128093
kurtosis: 7.237413854789601
