Statistics for 7507588.png_scale2_1.png:
Level Level 0:
min: 0.0
max: 2040.000000000001
mean: 505.9474903987005
std: 536.187385918794
Level Level 1:
min: -1020.0000000000005
max: 1020.0000000000005
mean: 0.42088220058343356
std: 165.41790618271514
Level Level 2:
min: -510.0000000000001
max: 510.0000000000001
mean: 0.035044058775290474
std: 124.74186311876406
Level Level 3:
min: -255.00000000000003
max: 255.00000000000003
mean: 0.02413182380871895
std: 65.51598255752322
