Statistics for 7507588.png_scale4_1.png:
Level Level 0:
min: 0.0
max: 2040.000000000001
mean: 533.3010377150316
std: 581.5544334348897
skewness: 0.43205145193472405
kurtosis: -1.3292189193927395
Level Level 1:
min: -1020.0000000000005
max: 1020.0000000000005
mean: 0.3267601208809096
std: 204.6589237066917
skewness: 0.006801125826460117
kurtosis: 3.0213337266186127
Level Level 2:
min: -510.0000000000001
max: 510.0000000000001
mean: -0.014196249154897865
std: 121.0160276514613
skewness: 0.0003887504216084013
kurtosis: 3.813442475348074
Level Level 3:
min: -255.00000000000003
max: 255.00000000000003
mean: 0.001707957341120794
std: 58.38491644394883
skewness: 0.0023011051597398376
kurtosis: 8.552041174044023
