Statistics for 7507588.png:
Level Level 0:
min: 0.0
max: 2040.000000000001
mean: 250.1430135873648
std: 290.6258780710198
skewness: 0.8731004716708833
kurtosis: 0.5631035574227554
Level Level 1:
min: -955.0000000000003
max: 1020.0000000000005
mean: 0.11497967059795682
std: 24.695988365486507
skewness: 1.284025987052139
kurtosis: 160.96395023542274
Level Level 2:
min: -510.0000000000001
max: 510.0000000000001
mean: 0.018809196276542466
std: 9.94372434545516
skewness: 0.16019898215435655
kurtosis: 256.84081084939254
Level Level 3:
min: -255.00000000000003
max: 255.00000000000003
mean: 0.003424717829777645
std: 5.307343700939723
skewness: 0.12270872259893068
kurtosis: 102.31018045750162
