Statistics for 7507588.png_scale3_1.png:
Level Level 0:
min: 0.0
max: 2040.000000000001
mean: 528.1824540358324
std: 567.4858823884231
Level Level 1:
min: -1020.0000000000005
max: 1020.0000000000005
mean: 0.3244711068960338
std: 189.3651360034292
Level Level 2:
min: -510.0000000000001
max: 510.0000000000001
mean: -0.029840518266726797
std: 123.8370608537398
Level Level 3:
min: -255.00000000000003
max: 255.00000000000003
mean: 0.003345098250951521
std: 61.82224523933336
