Statistics for 7507588.png:
Level Level 0:
min: 0.0
max: 2040.000000000001
mean: 250.1430135873648
std: 290.6258780710198
Level Level 1:
min: -955.0000000000003
max: 1020.0000000000005
mean: 0.11497967059795682
std: 24.695988365486507
Level Level 2:
min: -510.0000000000001
max: 510.0000000000001
mean: 0.018809196276542466
std: 9.94372434545516
Level Level 3:
min: -255.00000000000003
max: 255.00000000000003
mean: 0.003424717829777645
std: 5.307343700939723
