Statistics for 7507588.png_scale6_1.png:
Level Level 0:
min: 0.0
max: 2040.000000000001
mean: 539.8240984403171
std: 605.6230144928932
Level Level 1:
min: -1020.0000000000005
max: 1020.0000000000005
mean: 0.3305532993414465
std: 221.8116579948058
Level Level 2:
min: -510.0000000000001
max: 510.0000000000001
mean: -0.06146895579802683
std: 114.96611095288807
Level Level 3:
min: -255.00000000000003
max: 255.00000000000003
mean: 0.0017285958314553307
std: 53.35730739460921
