Statistics for 7507588.png_scale5_1.png:
Level Level 0:
min: 0.0
max: 2040.000000000001
mean: 536.7760731623723
std: 593.8712905935558
Level Level 1:
min: -1020.0000000000005
max: 1020.0000000000005
mean: 0.3006789378630811
std: 214.9850408559941
Level Level 2:
min: -510.0000000000001
max: 510.0000000000001
mean: -0.032535944229517215
std: 118.00034977918519
Level Level 3:
min: -255.00000000000003
max: 255.00000000000003
mean: -0.010865578284630409
std: 55.57750307285258
