Statistics for 7507588.png.png:
Level Level 0:
min: 0.0
max: 1715.5000000000007
mean: 339.303563631498
std: 363.75317001205894
Level Level 1:
min: -934.6250000000002
max: 987.3750000000003
mean: 0.1640936044546275
std: 109.64607121824717
Level Level 2:
min: -510.0000000000001
max: 510.0000000000001
mean: 0.09830367259490184
std: 102.94473902577484
Level Level 3:
min: -255.00000000000003
max: 255.00000000000003
mean: 0.04283978388859676
std: 58.89462335972036
