Statistics for 9149372.png:
Level Level 0:
min: 0.0
max: 2040.000000000001
mean: 148.3571002683097
std: 387.96802027239545
Level Level 1:
min: -1020.0000000000005
max: 1020.0000000000005
mean: -0.2276749073429984
std: 14.995350325515533
Level Level 2:
min: -510.0000000000001
max: 510.0000000000001
mean: -0.06234270163230766
std: 5.342259099157656
Level Level 3:
min: -255.00000000000003
max: 255.00000000000003
mean: -0.014891951598302453
std: 2.3815651986750197
