Statistics for 9149372.png_scale3_1.png:
Level Level 0:
min: 0.0
max: 2040.000000000001
mean: 131.99572968078886
std: 354.85088027100375
Level Level 1:
min: -1020.0000000000005
max: 1020.0000000000005
mean: -0.42250948653115017
std: 98.37285426201996
Level Level 2:
min: -510.0000000000001
max: 510.0000000000001
mean: 0.08442255250654088
std: 63.05776100970853
Level Level 3:
min: -255.00000000000003
max: 255.00000000000003
mean: -0.0029202551304304478
std: 31.467979929667653
