Statistics for 9149372.png_scale2_1.png:
Level Level 0:
min: 0.0
max: 1912.5000000000007
mean: 117.41432033742979
std: 313.9660702876718
skewness: 2.475403663240453
kurtosis: 4.626651334902859
Level Level 1:
min: -910.0000000000005
max: 941.1250000000002
mean: -0.3972537826507817
std: 84.42230805435916
skewness: -0.09030278566352434
kurtosis: 22.18420964968003
Level Level 2:
min: -510.0000000000001
max: 510.0000000000001
mean: 0.18049555554326363
std: 62.287812112441074
skewness: 0.0982529198649578
kurtosis: 20.0644958459476
Level Level 3:
min: -255.00000000000003
max: 255.00000000000003
mean: -0.006655787081253615
std: 31.91441038690682
skewness: 0.006115737423300224
kurtosis: 31.94680418281139
