Statistics for 9149372.png_scale5_1.png:
Level Level 0:
min: 0.0
max: 2040.000000000001
mean: 136.6569031766538
std: 374.4528830885095
skewness: 2.675951975030741
kurtosis: 6.00258751674577
Level Level 1:
min: -1020.0000000000005
max: 1020.0000000000005
mean: -0.4629988479983512
std: 111.6338449898703
skewness: -0.031223781771517543
kurtosis: 19.03988637887575
Level Level 2:
min: -510.0000000000001
max: 510.0000000000001
mean: 0.021326662499700385
std: 60.013349370553144
skewness: 0.035251351649610185
kurtosis: 24.764168058891066
Level Level 3:
min: -255.00000000000003
max: 255.00000000000003
mean: -0.006091275938214292
std: 28.336970331948958
skewness: -0.026365384530131902
kurtosis: 45.62660028094055
