Statistics for 9149372.png_scale6_1.png:
Level Level 0:
min: 0.0
max: 2040.000000000001
mean: 138.17253939072734
std: 381.92744096022113
Level Level 1:
min: -1020.0000000000005
max: 1020.0000000000005
mean: -0.4473755157323679
std: 115.03505854509177
Level Level 2:
min: -510.0000000000001
max: 510.0000000000001
mean: -0.00036484002352676437
std: 58.49370414760943
Level Level 3:
min: -255.00000000000003
max: 255.00000000000003
mean: -0.006465578892681518
std: 27.186477658050652
