Statistics for 9149372.png.png:
Level Level 0:
min: 0.0
max: 1358.5000000000005
mean: 40.39252155862512
std: 110.877735448264
skewness: 2.7987174931641907
kurtosis: 7.630445412608916
Level Level 1:
min: -637.5000000000003
max: 637.5000000000003
mean: -0.15455592728771705
std: 36.2392665476255
skewness: -0.23405499208852518
kurtosis: 60.55794447607437
Level Level 2:
min: -510.0000000000001
max: 510.0000000000001
mean: 0.11028401747175774
std: 29.954464017043218
skewness: 0.17499149567875172
kurtosis: 36.047438952558856
Level Level 3:
min: -255.00000000000003
max: 255.00000000000003
mean: -0.012444967661147515
std: 16.096333243726136
skewness: 0.0023881058928470577
kurtosis: 48.84854212917101
