Statistics for 9149372.png_scale4_1.png:
Level Level 0:
min: 0.0
max: 2040.000000000001
mean: 134.81986402331978
std: 365.99888122768505
skewness: 2.5996063729651033
kurtosis: 5.467058022416957
Level Level 1:
min: -1020.0000000000005
max: 1020.0000000000005
mean: -0.39035971527524754
std: 106.41223568194171
skewness: -0.029434537996125804
kurtosis: 19.531775057001138
Level Level 2:
min: -510.0000000000001
max: 510.0000000000001
mean: 0.05023752629706043
std: 61.63473093336132
skewness: 0.04204939217980681
kurtosis: 23.03831712528412
Level Level 3:
min: -255.00000000000003
max: 255.00000000000003
mean: 0.0007561035027835666
std: 29.758223819839735
skewness: 0.012134346829989423
kurtosis: 40.988027419508605
